id	num	neg|score	neg|p-value	neg|fdr	neg|rank	neg|goodsgrna	neg|lfc	pos|score	pos|p-value	pos|fdr	pos|rank	pos|goodsgrna	pos|lfc
TYK2	5	1.2e-05	0.0001	0.001	1	5	-2.3	0.99	0.95	0.99	18000	0	-2.3
JAK1	5	2.4e-05	0.0002	0.002	2	5	-2.1	0.98	0.92	0.98	17999	0	-2.1
STAT3	5	3.1e-05	0.0003	0.003	3	5	-1.9	0.97	0.90	0.97	17998	0	-1.9
RPL5	5	1.5e-08	1e-07	1e-06	4	5	-3.5	1.0	1.0	1.0	18001	0	-3.5
NOVEL_X	5	3.2e-04	0.001	0.012	5	4	-1.8	0.96	0.88	0.96	17995	0	-1.8
PSMB1	5	8.1e-09	5e-08	5e-07	6	5	-3.2	1.0	1.0	1.0	18002	0	-3.2
TARGET_Y	5	4.5e-04	0.002	0.015	7	4	-1.6	0.95	0.86	0.95	17990	0	-1.6
KINASE_Z	5	0.001	0.008	0.045	8	3	-1.4	0.94	0.84	0.94	17985	0	-1.4
SOLO_CONTROL	5	0.4	0.3	0.6	1000	1	-0.1	0.5	0.4	0.7	500	2	-0.1
